000000000000000000000000000000000000000000000000000000000000000000000000000000000000000000000000000000000000111000000000000000001410000000000000000012111000000000000000132510000000000000001111100000000000000000000000000000000000000000000000000000000000000000000000000000000000000000000000000000000000
000000000000000000000000000000000000000000000000000000000000000000000000000000000000011101110111000000000121014101210000000001310131013100000000013111311131000000000123333333210000000001111121111100000000000001310000000000000000015100000000000000000111000000000000000000000000000000000000000000000000
000000000000000000000000000000000000000000000000000000000000000000000011100000000000000000151000000000000000001310000000000001111113110000000000016000020100000000000111111311000000000000000013100000000000000000141000000000000000001110000000000000000000000000000000000000000000000000000000000000000000
000000000000000000000000000000000000000000000000000000000000000000000000000000000000000000000000000000000000111100000000000000111221110000000000001500074100000000000011100111000000000000001111000000000000000000000000000000000000000000000000000000000000000000000000000000000000000000000000000000000000
000000000000000000000000000000000000000000000000000000000000000011111111111000000000100010001510000000001020102013100000000010201020131000000000102010201310000000001006100613100000000011311131131000000000143333333310000000001111111111100000000000000000000000000000000000000000000000000000000000000000
000000000000000000000000000000000000000000000000000000000000000000011111111110000000000100000000100000011111011111101000000123210112321010000001313101131310100000014123033215101000000111110111111010000000000100060000100000000001111111111000000000000000000000000000000000000000000000000000000000000000
000000000000000000000000000000000000000000000000011100000000000000000161000000000000111111011111100000011412110112151100000133133101331331000001311133033111310000013313310133133100000112321101123211000000111111011111100000000000010100000000000000000111000000000000000000000000000000000000000000000000
000000000111011100000000000001010151000000000111110111410000000001233303332100000000013111011131000000000131010101310000000111311161113111000001000000000000610000011131110111311100000001310101013100000000013111011131000000000123330333210000000001111101111100000000000001010000000000000000011100000000
000000000000000000000000000000000000000000000000000000000000000000000000000000000000000000000000000000000011111111100000000000160016001000000000111010101011100000001400200020051000000011101010101110000000001000100010000000000011111111100000000000000000000000000000000000000000000000000000000000000000
000000000000000000000000000000000000000000001111111111111000000014000000000010000000100020002200100000001002200200201000000010002002002010000000100020020020100000001000200200201000000010002002002010000000100222002200100000001000000000051000000011111111111110000000000000000000000000000000000000000000
000000000000000000000000000000000000000000000000000000000000000000000000000000000000000000000000000000000000111110000000000000111233111000000000001507333410000000000011123311100000000000001111100000000000000000000000000000000000000000000000000000000000000000000000000000000000000000000000000000000000
011111111111111111000123232311111323210001111112323232113100011323211111111321000112113212323212110001231113112113131000011111121232121210000111232313131313100001113111421212121000012323215313131310000131113212121212110001211111131313132100013232321112121131000111111323231323210001111111111111111100
000000000000000000000000000000000000000000000000000000000000000011111111111110000000143330003233100000001313101013131000000013233000333310000000131310161313100000001323300033331000000013131010131310000000133320003335100000001111111111111000000000000000000000000000000000000000000000000000000000000000
000000000000000000000000111111111111100000001333333333141000000013131111321310000000131312213113100000001313133133331000000013131331111110000000131313533123100000001312333331131000000013111111333310000000133333213123100000001131111131131000000012333333312310000000111111111111100000000000000000000000
000011111111111110000000100000000000100000001000000000001000000010012121216010000000100000000000100000001000000000001000000010111121111510000000100000000000100000001111211121111000000010000000000010000000121111211112100000001000000000001000000011112111211110000000140000000000100000001111111111111000
000000000000000000000000011111111111000000000101010101010000000111010101010111000001430202020202310000011101010101013100000001010101010131000000010101010101310000000101010101613100000001010101610131000000010101610101310000000101610101013100000001610101010151000000011111111111110000000000000000000000
000000000000000000000000000000111111100000001111111000001000000015001002121010000000111010112120100000001400001000011000000011111110111100000000122222227061000000001111111121110000000016000072222100000000111111211111000000001222222700610000000011111112111100000000000000111000000000000000000000000000
111111111111111111111333313331510600060113113131313100000001131231313131000000011314333133310000000113111111111160020601133333333333000200011113111111110002006110006000006100020001100000000001000000011000222200010000060110600000060106000001100006000061000006011000000000010000000111111111111111111111
000000000000000000000000000000000000000000000000000000000000000011111111111100000000143333333331000000001111111111311000000016000000000010000000113131313131100000000131313131310000000001313131313100000000013131313131000000000151212121210000000001111111111100000000000000000000000000000000000000000000
000000000000000000000000000000000000000000000000000000000000000011111111111110000000140000000000100000001002200022001000000010200202002010000000100002020020100000001000200200201000000010020002002010000000102222002200100000001000000000051000000011111111111110000000000000000000000000000000000000000000
000000000000000000000000000000000000000000000000000000000000000000111111110000000000001000014100000000000010210201000000000000102000010000000000001020020100000000000010106201000000000000102210011100000000001000000051000000000011111111110000000000000000000000000000000000000000000000000000000000000000
111111111111111111111470010000012120002111171101110101111011100012012101012100211710120101010100010110112100010100012001107000111101210111011011710101011001010111210101770010000101100001020111111101011011010111200001010110011102011011717101110001717700010001011201000101111101115111111111111111111111
000000000000000000000000000000000000000000001110111011100000000112111211121100000011000000000061111000120111111111000410001101000000010111100001010233320101000000110100000061011110001201111011110005100011600000000001111000011211121112110000000011101110111000000000000000000000000000000000000000000000
000000111111111000000000001600160010000000000010203020100000000000100010001000000000001131113110000000000016001600100000000000102030201000000000001000100010000000000011311131100000000000013101310000000000001131113110000000000016000000100000000000113111311000000000000141015100000000000001110111000000
000000000001111110000000000000010006100000000000000102201000000000000001000010000000000000013111100000001110111133331000000010111331111310000000102350741613100000001011101110131000000010323032302310000000101110111011100000001010111010100000000010100000111000000000161000000000000000001110000000000000
000110000000000011000012310000000001241000013310000000133100000013310000013310000000013310001331000000000013311133100000000000013333310000000000000013131000000000000001333331000000000000133111331000000000013310001331000000001331000001331000000133100000001331000015210000000001321000011000000000001100
111111111111111111111000001200012121011110000000000102020021100000000001010101111000100000010101002110000000010121010111100006000001117101011001000000000001020110000100012112110101100000000111000701011600000001011111717110000000210700010001122211111171121112111222100470001070000111111511111111111111
000000000000000000000000000000000000000000000000111000000000000000011211000000000000011147010000000000000123711100000000000001310121000000000000012303010000000000000111117111000000000000000103210000000000000111013100000000000001530321000000000000011111110000000000000000000000000000000000000000000000
000000000000000000000000000000000000000000000000000000000000000000001111111100000000000010060201000000000000100000010000000000001200000100000000111110020001000000001616100000011110001110101100000005100014002000002001111000111010111111110000000011111000000000000000000000000000000000000000000000000000
000000000000000000000000000000000000000000001111111111110000000014000000000100000000102200022001000000001000202002010000000010002020020100000000102200200201000000001000202002010000000010002020020100000000102200022001000000001000000000510000000011111111111100000000000000000000000000000000000000000000
000000000000000000000000000000000000000000000000000000000000000000000000000000000000000000111111110000000000001611415100001111111110110101000010061020101101010000102017771011010100001000000000000001000011111111101111110000000000001110000000000000000000000000000000000000000000000000000000000000000000
111111111100000000001600000251000000000011111113110000000000000001131111111111110000010000000000002100000113111111111111000001000000000000610000010000000000000100000111111111111311000001000000000000610000010000000000000100000113111111111111111111131000000000001433333210000000000011111111100000000000
000000000000000000000000000000000000000000011111111111110000000160606060606100000001000000000001000000010000333000010000000100003430000100000001000032300001000000010000333000010000000100000000000111000001000000000000510000011111111111111100000000000000000000000000000000000000000000000000000000000000
001111111111110000000013333331006100000000132000610201000000001330000100010000000013300001311100000000131111113100000000001333333331000000000011111135411111100000000001333333701000000000013111137210000000011131001370100000000160210011111000000001000100000000000000010001000000000000000111110000000000
000000000011100000000000000000151000000000000000011011100000000000000100321000000000000001101310000000000000001033100000000000000010111000000000011111101411100000000133312013331000000111312117131310000001200000000733100000011101111110111000000001110000121000000000000000001110000000000000000000000000
111111111111111111111333333333333333333113343333323333333531133333333333333033311333333333333336333113333320000063303331133333300000033033311333333000000330333113333330000003303331133333333333333023311333300000000633333113333233333333333331133333333333333333311333333333333333333111111111111111111111
000000000000000000000000000000000000000000000111111111110000000001000000145100000000010012000001000000000100000000010000000001000010000100000000010002000101000000000100010602010000000001020021000100000000010100006001000000000100000210010000000001000000006100000000011111111111000000000000000000000000
000011111111111000000000101010101610000000001010101010111000000010101016101510000000101010101013100000001010161010131000000010101010101310000001101610101012110000010000000000006100001110101010101311000014362020202023100000111010101010111000000010101010101000000000101010101010000000001111111111100000
111111111111111000001060000000000610000010111111111110100000101600600600101000001010111111101010000010101006001010100000101010111010101000001010101516101010011110101060001010100141101011121110101001311010000060001011113110111112111110112331160000000006000073111111111111111111231000000000000000011110
000000000000000000000000000000000000000000000000000000000000000011111111111110000000140000000000100000001020000022001000000010200002002010000000102020020020100000001022220200201000000010002002002010000000100020002200100000001000000000051000000011111111111110000000000000000000000000000000000000000000
000000000011100000000000011111101111100000000133330073331000001111311112211310000010000006111113100000101111101432131000001010001011333310000010002000100000100000101020101011101000001010061010123010000010111110161110100000100000001000001000001111311111111110000000013333333335100000000111111111111000
000000000000000000000000011111111111000000000100000000610000001111211311111110000016000013101416111000111211131033102510001060001310111011100011121113201610100000100600111010101000001112111616101010000000131110111020100000001333302330101000000011111011101010000000000011101111100000000000000000000000
000000000000000000000000000000000000000000000111111111100000000001202020201000000000010000000010000000000100000000100000000001000000001000000000010000000010000000000100000000100000000111000000001110000001500000000024100000011126262626111000000001111111111000000000000000000000000000000000000000000000
000000000000000000000000000000000000000001111111111111111100010006243333333331000100001111111111310001000013333333313100010000131111113131000100001313335131310001000013131111313100010000131333333131000100001311111111310001000013333333333100011111111111111111000000000000000000000000000000000000000000
000000000000000000000000111011111111110000001611101107210110000010200700070074100000102107210721301000001021111111111110001110210000700013100013302100072700131000131021007272700310001311110011111013100013333300111110131000111111111111111310000000000000000015100000000000000000111000000000000000000000
000000000000000000000000000000000000000000000000000000000000000011111111111100000000151666666141000000001310000001310000000113100000013110000001331000000133100000013110000001131000000133200000023310000001111000000111100000000011111111000000000000000000000000000000000000000000000000000000000000000000
111111111111111111111333133331333113335113131131113133331111131313313331111113311313333133333333331113111311111111111311133333333133333313311311111111311113113113333333133313133131131111131113133311311313331333131311133113111313131313133311123313131313131313111413333313331333133111111111111111111111
000111160000001111000001433012221033210000011110111110111100000000100212001000000001111011111011110000012330021200332100000111101111101111000000001002120010000000011110111110111100000123300212003321000001111011111011110000000010021200100000000111101111101111000001233012221033510000011110000060111100
000000000000111110000000000000001334100000111111111113111000001260000000030010000011111111111310100000111111111113111000001260000000030010000011111111111310100000111111111113111000001260000000030010000011111111111310100000111111111113111000001260000000030010000011111111111310100000000000000015111000
000000060000000000000000000000000000006020000200022022200000206024202000020000002000222002000200000020002026002002006000222020202200020000000000000000000000000020002002002200200220200020252020202002022020202020220020020220202020202020200202020200020020202202200000000000000000000060000000000060000060
